time,x,y,z,phi,theta,psi,x_velocity,y_velocity,z_velocity,phi_velocity,theta_velocity,psi_velocity,rotor_speed1,rotor_speed2,rotor_speed3,rotor_speed4
0.06,-5.01284294864e-07,5.74348481085e-07,9.99951260706,0.000549246543737,6.28262268183,0.0,-7.1745425528e-06,4.61823325205e-05,-0.0162465163786,0.0230382626095,-0.0450095119318,0.0,399.90999204650075,395.78929303203154,397.72367098674204,399.82785969894127
0.12000000000000001,2.17574722742e-05,2.0481615198e-05,10.002163798,0.00192895186352,6.27961474182,0.0,0.00104625278558,0.000762536955392,0.104615103489,0.0229107975997,-0.0631069742581,0.0,444.0677160907362,442.5789386508382,443.6187928112317,443.6085513408769
0.18,0.000185082634894,0.000117580271915,10.0143154134,0.00325716631736,6.27579879216,0.0,0.00483946225138,0.00263110146212,0.300404474043,0.0205425499312,-0.0646016822881,0.0,466.30430368854655,466.18480348485576,466.5122236839955,466.32729473510017
0.23999999999999996,0.000666572516075,0.000357580086949,10.0382542861,0.00412525917955,6.27161920171,0.0,0.0116753783486,0.0054957622817,0.49748781165,-0.00186387591913,-0.0824137348884,0.0,467.6203168333235,466.2273813425975,467.5910618219075,465.8424641246247
0.3,0.00164310690425,0.000778704420068,10.0725553175,0.00449689711076,6.26663412941,0.0,0.0214167930749,0.00855942976054,0.645799952938,0.0187642792516,-0.0844601606042,0.0,452.982698077734,452.8126412389954,450.8136171218632,452.47703705986055
0.36000000000000004,0.00335357227306,0.00140671107852,10.1179724702,0.00559299096598,6.26115346545,0.0,0.0362225404085,0.012506833084,0.867950430072,0.0172572752084,-0.110945513485,0.0,475.5597783889939,473.5201854986723,474.6728798945185,474.5571498917938
0.4200000000000001,0.0060209973598,0.00227992422374,10.1736286207,0.00656295345439,6.25458274139,0.0,0.053382598175,0.0167048330898,0.987140932924,0.0138891546377,-0.106791430895,0.0,443.3886442853995,443.71912825599804,444.17780132984547,443.90144299558784
0.48000000000000015,0.00986414723808,0.00342668816124,10.2367216801,0.00718050914917,6.24894385101,0.0,0.0753504058684,0.0215980443073,1.11582325497,0.00190201022824,-0.0761840891686,0.0,446.28484594738336,448.7678800970847,446.986846474779,446.00890117941987
0.5400000000000001,0.0150410324271,0.0048571822634,10.304707216,0.00692061785795,6.24467744307,0.0,0.0976173680683,0.0260821143111,1.15031148593,-0.0212759177264,-0.0625144044707,0.0,416.39383122830213,417.5835034221408,418.0464025910941,416.02214955857943
0.6000000000000002,0.0218024870977,0.0065761444461,10.3791286742,0.00538978322986,6.24089136097,0.0,0.128185324782,0.0310573910934,1.33019399192,-0.0357294410727,-0.0643013488312,0.0,462.94253783807767,462.7992075513385,463.8245926449565,462.6880873975524
0.6600000000000003,0.0303741621266,0.00854169007108,10.4617512649,0.00311896765051,6.23714472778,0.0,0.157915609758,0.0342374330355,1.42376254796,-0.0424580748064,-0.0589676862438,0.0,436.90086309669925,437.3423931592664,436.8430329088198,436.28092375212316
0.7200000000000003,0.0408923780983,0.0106550988067,10.5518575885,0.00063749186054,6.23312499391,0.0,0.193087537193,0.0359317430847,1.57955778421,-0.0392442986601,-0.0922960049918,0.0,458.0188533858233,455.35704795406303,456.206466650012,456.46211898856114
0.7800000000000004,0.0535663293415,0.0128153356845,10.6502784579,6.2815641664,6.22715460045,0.0,0.229965518713,0.0358336965479,1.70092995845,-0.0346218444431,-0.120577818817,0.0,448.29832573365985,445.98555194438103,445.456460878944,445.8335919822971
0.8400000000000004,0.0685865757926,0.0149224926112,10.7559712017,6.27928458157,6.21959629873,0.0,0.271471337189,0.0341774583635,1.821924922,-0.0457692396208,-0.139837093115,0.0,447.32477244346444,445.73911387923954,447.4077478366087,446.4985836867324
0.9000000000000005,0.0863690855346,0.016871981263,10.8705484566,6.27618592729,6.21102311481,0.0,0.322216377713,0.0304809337904,1.9969540054,-0.067225146434,-0.149805182963,0.0,465.0177986701305,464.21818729897393,463.8452724210225,462.1555889986258
0.9600000000000005,0.107400464867,0.0185236839905,10.9956876117,6.27278739711,6.20182928467,0.0,0.379832784089,0.0241640938648,2.17393909638,-0.0411496999936,-0.161142661978,0.0,465.1740506844727,464.2642712063139,464.6104736255295,466.64800126529303
1.0200000000000005,0.131995070941,0.0197380768011,11.1301421738,6.27021612423,6.19232448537,0.0,0.44098703661,0.0160503739011,2.30751497067,-0.0465019330609,-0.153454036997,0.0,452.8159988831331,453.4107426584726,452.7957036277775,452.3639544137746
1.0800000000000005,0.16053088111,0.020399291913,11.2733264559,6.26765448606,6.18281529902,0.0,0.511202400319,0.00570160223236,2.46484788395,-0.0359992762942,-0.171143137864,0.0,461.4253390238789,460.0036354394079,460.6658612772956,461.4946159885151
1.1400000000000006,0.1934551068,0.0203912544353,11.4255286927,6.26515484053,6.17220561701,0.0,0.587360784349,-0.0062107999878,2.60809756827,-0.0564728694276,-0.191698330736,0.0,458.7064743474389,457.0416370218759,458.06833064414445,456.4363676465613
1.2000000000000006,0.230950923467,0.0196478685912,11.584232923,6.26198637178,6.16102252286,0.0,0.66358370892,-0.0188832273032,2.68171030906,-0.0463364978647,-0.177461962016,0.0,436.8119746543184,437.96303252339567,435.6673465343296,436.5121186203823
1.2600000000000007,0.272900945333,0.0181424428584,11.7446213852,6.2589151405,6.15021924189,0.0,0.735653257238,-0.031540879746,2.6644625953,-0.0632753619644,-0.185812793513,0.0,407.31098627254755,406.5287393004485,408.31677113629416,406.8007578235116
1.3200000000000007,0.319756342097,0.0157495641334,11.9068626969,6.2547759976,6.13906733843,0.0,0.827257127591,-0.0486007433653,2.74319226448,-0.0839668807422,-0.185969627276,0.0,439.644907107235,439.5979754187378,440.07327553380344,438.35334597894814
1.3800000000000008,0.372614238931,0.012189726842,12.0757274056,6.24955449422,6.1280706726,0.0,0.935801980142,-0.0705971723769,2.885033716,-0.0939708440809,-0.178381649353,0.0,459.2749398078425,459.8450071338892,460.9485298913644,460.15125071280374
1.4400000000000008,0.431942432479,0.00725581256428,12.2512970651,6.2434969394,6.11712963768,0.0,1.04282340788,-0.0944256495473,2.96682675225,-0.121016898704,-0.191768004017,0.0,443.72019084577335,442.5873406108948,443.0514379838216,440.81276436536666
1.5000000000000009,0.497476521795,0.000871035078261,12.4291690066,6.23634410753,6.10584120894,0.0,1.1426093885,-0.119014166002,2.96199410328,-0.115834939272,-0.181734938048,0.0,414.3091384302687,415.1530857024391,415.053123399949,415.4937796233462
1.560000000000001,0.569790016894,-0.0072707941314,12.6100136822,6.22941594487,6.09498498406,0.0,1.26887406047,-0.153064007338,3.06556498648,-0.114748764452,-0.179389585463,0.0,451.3502648961535,451.5084137438312,450.7189637174388,450.79503052495966
1.620000000000001,0.649711923066,-0.0175433698744,12.7960488436,6.22217562316,6.08489829608,0.0,1.39612476833,-0.19001311703,3.13509102554,-0.13641665458,-0.151885395732,0.0,440.1770828857569,442.41940423832267,442.68193104712657,440.88167794603936
1.680000000000001,0.737388262935,-0.030156553796,12.9858639312,6.2141241086,6.0758438588,0.0,1.52720980362,-0.231174157942,3.1915942241,-0.130081539365,-0.149021802602,0.0,439.0149784680216,439.2307884853922,437.50867461368773,438.0189099069582
1.740000000000001,0.833526403904,-0.0455335749515,13.1810333535,6.20612776946,6.06676179038,0.0,1.67821149245,-0.282175039154,3.31331528189,-0.140561459175,-0.15652235038,0.0,460.10051227563173,459.48547885434874,461.1694667403749,460.32514347616967
1.8000000000000012,0.939163793995,-0.0642285891643,13.3845780387,6.19806363558,6.05683285429,0.0,1.84391431288,-0.341832439012,3.47057303608,-0.12429954591,-0.197053621336,0.0,475.1616546481309,472.0181274211208,471.3537837190833,472.5932121734058
1.8600000000000012,1.05462270667,-0.086547104297,13.5960117221,6.19080642878,6.04592801182,0.0,2.00572220599,-0.402806681596,3.57637455348,-0.11498965393,-0.16162913746,0.0,457.82494501171044,460.6029567451626,458.2658168444344,458.9925261955997
1.9200000000000013,1.17893705015,-0.112259637269,13.8093728471,6.18392417288,6.03595918784,0.0,2.13883863471,-0.454817744982,3.53539885766,-0.114140032575,-0.177184926808,0.0,412.82663198843744,411.42254671565973,411.98561620874557,412.0478645860459
1.9800000000000013,1.31109420829,-0.141082837394,14.0190440195,6.17720045207,6.02535223479,0.0,2.26717756759,-0.506456748729,3.45349379178,-0.108203300853,-0.175990867355,0.0,398.0380585273105,398.1132202873732,397.8751174309415,398.4055659608595
2.0400000000000014,1.45188446502,-0.173416043947,14.2266741984,6.17100133379,6.01446155001,0.0,2.42666742673,-0.571830626443,3.46695909381,-0.095007693991,-0.195803290626,0.0,432.98047996849436,431.27688243943953,431.13795084088554,432.2417634532422
2.1000000000000014,1.60274757509,-0.209903601496,14.4361704154,6.16534471455,6.00222455898,0.0,2.60305953876,-0.644880383358,3.5154839913,-0.0928552562521,-0.229879880195,0.0,446.5603239042489,443.729350790884,444.54163508705045,444.71045523892684
2.1600000000000015,1.76594570572,-0.251493705655,14.6536864921,6.16021939431,5.98890250591,0.0,2.83812319126,-0.741911613926,3.73343515714,-0.0736407365176,-0.209746287725,0.0,499.5959438715394,501.01863004356284,497.48460834322606,498.88432833415754
2.2200000000000015,1.94161314637,-0.298231405704,14.8778736802,6.15559801804,5.97697503225,0.0,3.01836710217,-0.816336187402,3.73878997743,-0.0848253369424,-0.182912135054,0.0,434.7920046107432,436.9943110452741,435.801814017162,434.8609276777707
2.2800000000000016,2.12884779346,-0.349737767081,15.1040514025,6.15029629195,5.96593769326,0.0,3.22358748774,-0.900934326363,3.79951963485,-0.0965819910796,-0.186125408134,0.0,455.9226896672475,455.63397118216216,455.7535658302875,454.8064586635139
2.3400000000000016,2.32904572158,-0.406600808015,15.3351438959,6.14429634107,5.95476794161,0.0,3.45047404857,-0.994957404416,3.90233817033,-0.107893861408,-0.186236753979,0.0,471.4434690963505,471.40340424497566,471.314202896278,470.43093983819944
2.4000000000000017,2.54163639301,-0.468640415954,15.568175533,6.1377206289,5.9441595462,0.0,3.6365920004,-1.07350033253,3.86479842947,-0.11323220879,-0.162618445951,0.0,425.62926956786976,427.6139988809308,428.01150073186676,427.54572115019823
2.4600000000000017,2.76674232106,-0.535988780155,15.8022268675,6.13203890578,5.93507753165,0.0,3.86748334459,-1.17190257462,3.93580589188,-0.0718880484456,-0.135166994874,0.0,464.1998536112601,466.32824620914596,463.21495765861243,466.44715955094966
2.520000000000002,3.00418531627,-0.608648574778,16.035945454,6.1274271121,5.92696574454,0.0,4.0477416942,-1.25040292669,3.85451348863,-0.0893465417691,-0.135255365146,0.0,416.07836024402445,416.05238346807397,415.3115657386053,413.7718747774453
2.580000000000002,3.25367052762,-0.686561231273,16.2677250715,6.12214941438,5.91932772562,0.0,4.26879578729,-1.34706205548,3.87064824663,-0.08532821263,-0.114868168404,0.0,449.15203518594177,450.78780979597985,450.1584489051684,450.477224448588
2.640000000000002,3.51582233609,-0.770069185454,16.4986018265,6.11729199314,5.91221454362,0.0,4.4699035838,-1.43688869457,3.82474878609,-0.0734044779152,-0.12717745438,0.0,430.94138871709987,429.88620048713807,430.277390759423,431.2802458554327
2.700000000000002,3.79089727257,-0.859368813618,16.728622414,6.1139619822,5.90476670532,0.0,4.69954256193,-1.53999333068,3.84174905769,-0.0331840858647,-0.118648910138,0.0,454.22980536131723,454.89968899210197,450.79257958539444,454.0289247409392
2.760000000000002,4.08031103241,-0.955102339018,16.9607494428,6.11191470768,5.89723637913,0.0,4.94777933273,-1.65117711598,3.89477874022,-0.0360642842078,-0.14497635671,0.0,468.96065876616603,466.8968481454826,466.8617521849525,466.6365174604876
2.820000000000002,4.38467807278,-1.05752169643,17.1958677075,6.11020640489,5.8889317337,0.0,5.19807056259,-1.76283063603,3.94138263319,-0.0164837332809,-0.127762124076,0.0,466.69595080394754,468.0209149679526,467.1338471295278,468.6582499660328
2.880000000000002,4.70341834373,-1.1663539965,17.4319280113,6.10894383933,5.88106125494,0.0,5.42684478016,-1.86492109973,3.92653997112,-0.0322245336687,-0.139054147781,0.0,450.70808112188325,449.7786759827239,449.18714610577376,447.90855488571816
2.940000000000002,5.03493229026,-1.28091038798,17.6646270934,6.10660966229,5.87258936277,0.0,5.62396798429,-1.95376433472,3.82973727456,-0.0576366013709,-0.145867885203,0.0,422.0983632486358,421.49001975559327,423.5367650275936,421.3439921141215
3.000000000000002,5.37853899213,-1.40091094547,17.8918800419,6.10376723411,5.86411557133,0.0,5.82991192885,-2.04645492925,3.74487829774,-0.0322322675461,-0.133283393881,0.0,426.4489069924986,427.50317523367835,426.8260855311298,428.987528852188
3.0600000000000023,5.73524529951,-1.52677944035,18.1154499078,6.10234404522,5.85595911112,0.0,6.06050039892,-2.14922379571,3.70672095632,-0.0105973592352,-0.141863258499,0.0,444.7217391482457,444.0011092860196,445.30118904001955,447.06771398593185
3.1200000000000023,6.10538686329,-1.65864494536,18.3356306041,6.10241797412,5.84727474796,0.0,6.27781383562,-2.24627667935,3.63209826213,0.0180521383495,-0.15121256234,0.0,434.46753047726537,433.6625506065954,432.75424809927637,435.1596748412408
3.1800000000000024,6.48976055636,-1.7967596861,18.5536218713,6.10317745333,5.8388925849,0.0,6.53478264907,-2.35735182707,3.63327232876,-0.00122786829239,-0.123230041538,0.0,460.8076219678167,462.99688653300524,462.7502492199361,461.2296476413218
3.2400000000000024,6.8898737365,-1.9416222131,18.7721138228,6.10280595162,5.83164821883,0.0,6.80227803032,-2.47129683869,3.64871758469,-0.0186488270121,-0.116177340467,0.0,468.63640908215376,469.17206013657466,469.8259033120943,468.47306546444474
3.3000000000000025,7.30421039096,-2.09263863765,18.9876507664,6.10174582339,5.82451751,0.0,7.00906587689,-2.56268656706,3.53554761298,-0.015777586576,-0.124793889046,0.0,426.9293357289872,426.1799019443776,425.18035408098285,425.4263934250779
3.3600000000000025,7.73249565892,-2.24971080117,19.1993435427,6.10091248299,5.81723952514,0.0,7.26705028333,-2.67303795947,3.51991857956,-0.010356822693,-0.11510081875,0.0,460.7193503103022,461.4725125604297,462.1699468585036,462.5972162092296
3.4200000000000026,8.17603517667,-2.41332560418,19.409502936,6.10021636108,5.81021767843,0.0,7.5175088059,-2.78078186675,3.4845641956,-0.0142165754827,-0.121196481991,0.0,457.33071277403036,456.8329191478302,457.2024398053003,456.894868484432
3.4800000000000026,8.63333244669,-2.58296102299,19.6149740315,6.09928662129,5.80273207486,0.0,7.72581695179,-2.87383172544,3.3641491514,-0.0181849453864,-0.133049992278,0.0,428.77108136379496,427.7476627922558,428.3702032726821,428.0326092532406
3.5400000000000027,9.10518231464,-2.7589127762,19.8169763929,6.09786588284,5.79448580949,0.0,8.00236012302,-2.99120577269,3.36801465419,-0.0379066174267,-0.14808590531,0.0,473.355063453801,472.1798318648465,475.16773487757507,473.6529917576332
3.6000000000000028,9.59215644849,-2.94141061475,20.0162991565,6.0955628344,5.78521196612,0.0,8.23018779121,-3.09219843031,3.27536242147,-0.0393564633045,-0.17244323591,0.0,443.0988148529938,441.06796118683934,442.93162173403414,442.8116144130792
3.660000000000003,10.0933163741,-3.13016546858,20.2108008241,6.09270575066,5.7747398961,0.0,8.47523085676,-3.19974256539,3.20699168972,-0.0743198315141,-0.179077312549,0.0,453.3269281511893,452.7646505745973,454.7991556332144,451.98761924096175
3.720000000000003,10.6090564066,-3.32535897901,20.4007406304,6.08812820995,5.76423040849,0.0,8.71618203588,-3.30696495036,3.12328925261,-0.0805593597616,-0.168298521301,0.0,449.396476241437,450.2403579482391,451.00231745266865,450.49340577562305
3.780000000000003,11.1408302586,-3.527572156,20.5881284153,6.08306410312,5.75450209935,0.0,9.00938865283,-3.43370069318,3.12128256929,-0.0934699971931,-0.152036801364,0.0,479.9779636525719,481.1877933006974,483.4539478604898,482.474630610565
3.840000000000003,11.6892852179,-3.73714807637,20.7736257459,6.07759044054,5.74524589035,0.0,9.27224833288,-3.5524788634,3.06069504513,-0.0870858391406,-0.159152742035,0.0,466.0386385725427,465.46059629645725,464.1766225199509,464.67089688681574
3.900000000000003,12.2515772448,-3.95326325144,20.9521333504,6.07219175327,5.73549403948,0.0,9.47092070803,-3.65173967758,2.8890941901,-0.0964961549823,-0.17031527086,0.0,427.26797772564214,426.28840235456164,426.64767919281684,425.83598623203864
3.960000000000003,12.8265677422,-4.17567257361,21.1214533598,6.06649723215,5.72513422327,0.0,9.69542250686,-3.76226493931,2.75403817361,-0.0919112315728,-0.177822694783,0.0,442.4263003142064,441.7786474397468,441.85720523808413,442.227441881349
4.020000000000002,13.4174772547,-4.40562870092,21.2863085152,6.06136867796,5.71465499459,0.0,10.0011622418,-3.90313948767,2.73919572711,-0.0749969173544,-0.168976749491,0.0,487.7932664601374,488.4271879238168,487.90087642746175,489.1570364904167
4.080000000000001,14.0238695583,-4.6431177651,21.4456684345,6.05715937296,5.70459612682,0.0,10.211910654,-4.01347384667,2.57215023584,-0.0619045323754,-0.165117609538,0.0,436.77226546793065,437.06669841853454,435.46487058961355,436.55515891661213
4.14,14.6447204429,-4.88791055914,21.597576367,6.05354340191,5.69472383974,0.0,10.482765109,-4.14644547257,2.49006508621,-0.0571771146867,-0.163405138805,0.0,470.49373308413493,470.6021660199366,470.3745125882089,470.73824069895215
4.199999999999998,15.2810462429,-5.14047357216,21.7432613156,6.05071876366,5.68490886907,0.0,10.7278387711,-4.27250517339,2.36505883923,-0.0321168418339,-0.163940154807,0.0,458.2165109106483,458.1493370245167,456.5522411759988,458.54664327102086
4.259999999999997,15.9324771502,-5.40078492964,21.8818852502,6.04924641618,5.67544906472,0.0,10.986158342,-4.40461743709,2.25459340012,-0.0125695462961,-0.147403315893,0.0,466.1409878630571,467.409470948956,464.4245990863704,465.9556948101357
4.319999999999996,16.6003294935,-5.66936966398,22.0150571431,6.04820100529,5.66709356777,0.0,11.2749365415,-4.54818451124,2.18306855706,-0.0295270505459,-0.126593097643,0.0,482.11079081098956,483.66452483711396,484.1572477484077,482.87934160535684
4.379999999999995,17.2836571933,-5.94600967511,22.1413164357,6.04608927348,5.65922379711,0.0,11.5022866856,-4.67337544406,2.02493982694,-0.0500337245354,-0.142363533651,0.0,454.76981748871225,453.4887474533614,454.15220321422095,452.50314547582406
4.439999999999993,17.9802976533,-6.23012836889,22.2576086043,6.04292778261,5.6516924636,0.0,11.7187333931,-4.79756440381,1.85087402054,-0.0586191866427,-0.104080167416,0.0,448.8021243633956,451.88475855874657,448.45902826597455,447.75902099298435
4.499999999999992,18.688676867,-6.52138705429,22.3617968883,6.03981880648,5.6453656411,0.0,11.8937480582,-4.91152592978,1.62208918104,-0.0408470005433,-0.108328809678,0.0,428.30658549574747,427.9347341498416,427.3559266455204,428.86683449485207
4.559999999999991,19.4075541672,-6.81958534733,22.4523010842,6.0373301595,5.63911378879,0.0,12.0686529199,-5.02885971662,1.39473420181,-0.0427687685297,-0.0970091321749,0.0,428.8189121386333,429.7698781456145,428.1016476187437,427.9370361905623
4.6199999999999894,20.1404887861,-7.1260826024,22.5338135489,6.03537392397,5.63271827401,0.0,12.361447431,-5.18787781156,1.32102130071,-0.0175694171867,-0.144613647264,0.0,490.883347726085,487.3264036136691,489.144179795435,491.017477906766
4.679999999999988,20.8889958958,-7.44156600306,22.6083398102,6.03433244896,5.62482609811,0.0,12.5882945735,-5.32844899164,1.16240827405,-0.0169382603899,-0.113481241826,0.0,460.1628435926284,462.60584650613214,459.59001407090506,459.6401454386457
4.739999999999987,21.6512408759,-7.76560561847,22.6734982231,6.03373197523,5.6176904281,0.0,12.8192530671,-5.47310475995,1.00883237207,0.00113178056937,-0.132975145385,0.0,465.48374556812354,463.942756843008,463.29043977319986,464.70974706822415
4.799999999999986,22.4275255279,-8.09846295058,22.7296700032,6.03367993097,5.61057132071,0.0,13.0562402159,-5.62231129435,0.862742095305,-0.00520026324072,-0.0994136458946,0.0,468.3015578384081,470.8934055827907,469.18155210873704,468.6894935388436
4.859999999999984,23.2155442625,-8.43958898862,22.774080307,6.03362977487,5.60423387657,0.0,13.2109062108,-5.74902504864,0.617835807859,0.00671098767057,-0.122456408331,0.0,431.40462492768455,429.44306168445183,429.5224986042685,430.53198440496953
4.919999999999983,24.0133141122,-8.78856111217,22.8044317956,6.0345810553,5.59709451023,0.0,13.3811835273,-5.88374880135,0.39383868611,0.0297270318535,-0.1128334083,0.0,437.805075676085,438.5923743280069,438.3311027923041,440.24048370349885
4.979999999999982,24.8214753737,-9.14575725629,22.8216085476,6.03627843229,5.59006010147,0.0,13.5572163359,-6.0231206476,0.178682072028,0.0252480807526,-0.1279476467,0.0,442.5991399652946,441.34028568404227,443.2012119531634,442.8329776091722
5.0399999999999805,25.6430935255,-9.51224981812,22.8293023908,6.03749475952,5.58263161733,0.0,13.8290237241,-6.19334348246,0.0765482343682,0.00777754388101,-0.116608072369,0.0,488.91727899736264,489.7493108764444,489.0240804075556,487.72039586838173
